structure(list(id = c("CH169", "CH143", "CH063", "CH182", "CH167", 
"CH142", "CH130", "CH160", "CH162", "CH153", "CH175", "CH084", 
"CH035", "CH061", "CH106", "CH140", "CH150", "CH016", "CH023", 
"CH099", "CH132", "CH020", "CH031", "CH043", "CH047", "CH147", 
"CH042", "CH111", "CH119", "CH180", "CH103", "CH122", "CH133", 
"CH003", "CH004", "CH065", "CH080", "CH089", "CH126", "CH131", 
"CH156", "CH173", "CH179", "CH013", "CH019", "CH026", "CH027", 
"CH044", "CH048", "CH057", "CH094", "CH121", "CH129", "CH170", 
"CH190", "CH018", "CH054", "CH073", "CH083", "CH108", "CH114", 
"CH123", "CH141", "CH152", "CH014", "CH050", "CH051", "CH071", 
"CH075", "CH107", "CH186", "CH200", "CH005", "CH021", "CH030", 
"CH032", "CH062", "CH096", "CH113", "CH138", "CH157", "CH183", 
"CH127", "CH193", "CH118", "CH148", "CH001", "CH009", "CH040", 
"CH115", "CH154", "CH197", "CH012", "CH029", "CH078", "CH098", 
"CH046", "CH091", "CH151", "CH017", "CH181", "CH002", "CH112", 
"CH087", "CH146", "CH069", "CH006", "CH059", "CH041", "CH097", 
"CH090", "CH196", "CH139", "CH128", "CH176", "CH101", "CH037", 
"CH187", "CH015", "CH028", "CH155", "CH159", "CH033", "CH070", 
"CH116", "CH144", "CH158", "CH161", "CH164", "CH166", "CH168", 
"CH174", "CH007", "CH039", "CH055", "CH075", "CH024", "CH056", 
"CH110", "CH134", "CH195", "CH198", "CH011", "CH036", "CH060", 
"CH066", "CH074", "CH109", "CH117", "CH135", "CH079", "CH092", 
"CH177", "CH049", "CH058", "CH081", "CH086", "CH136", "CH145", 
"CH149", "CH171", "CH191", "CH038", "CH045", "CH064", "CH068", 
"CH093", "CH125", "CH172", "CH184", "CH008", "CH010", "CH053", 
"CH067", "CH077", "CH100", "CH102", "CH124", "CH188", "CH088", 
"CH104", "CH120", "CH185", "CH105", "CH137", "CH178", "CH165", 
"CH052", "CH095", "CH034", "CH072", "CH163", "CH189", "CH022", 
"CH025", "CH082", "CH194", "CH192", "CH085", "CH199"), dob = structure(c(15533, 
15517, 15468, 15541, 15531, 15516, 15509, 15527, 15528, 15523, 
15536, 15481, 15451, 15467, 15494, 15515, 15521, 15440, 15444, 
15490, 15510, 15442, 15449, 15456, 15458, 15519, 15455, 15497, 
15502, 15539, 15493, 15504, 15511, 15432, 15432, 15469, 15479, 
15484, 15507, 15510, 15525, 15535, 15539, 15438, 15441, 15446, 
15446, 15457, 15459, 15465, 15487, 15503, 15508, 15533, 15545, 
15441, 15463, 15474, 15480, 15496, 15499, 15505, 15516, 15522, 
15438, 15460, 15461, 15473, 15475, 15495, 15543, 15552, 15433, 
15443, 15448, 15449, 15468, 15488, 15499, 15514, 15525, 15541, 
15507, 15547, 15502, 15520, 15431, 15435, 15454, 15500, 15524, 
15550, 15437, 15448, 15477, 15489, 15458, 15485, 15522, 15440, 
15540, 15431, 15498, 15483, 15519, 15472, 15434, 15466, 15455, 
15489, 15485, 15549, 15514, 15508, 15537, 15491, 15452, 15544, 
15439, 15447, 15524, 15527, 15450, 15472, 15500, 15517, 15526, 
15528, 15530, 15531, 15532, 15536, 15434, 15454, 15463, 15476, 
15444, 15464, 15497, 15511, 15548, 15550, 15437, 15452, 15466, 
15470, 15475, 15496, 15501, 15512, 15478, 15486, 15538, 15460, 
15465, 15479, 15482, 15513, 15518, 15520, 15534, 15546, 15453, 
15457, 15469, 15471, 15486, 15506, 15534, 15542, 15435, 15436, 
15462, 15471, 15477, 15491, 15492, 15505, 15544, 15483, 15493, 
15503, 15542, 15494, 15513, 15538, 15530, 15462, 15488, 15451, 
15474, 15529, 15545, 15443, 15445, 15480, 15548, 15547, 15482, 
15551), class = "Date"), recdate = structure(c(15533, 15517, 
15469, 15541, 15532, 15517, 15509, 15527, 15529, 15523, 15536, 
15482, 15452, 15468, 15495, 15515, 15521, 15441, 15445, 15491, 
15510, 15443, 15450, 15457, 15459, 15520, 15456, 15498, 15503, 
15539, 15493, 15504, 15511, 15433, 15433, 15470, 15479, 15485, 
15507, 15510, 15525, 15535, 15539, 15439, 15442, 15447, 15447, 
15457, 15460, 15465, 15488, 15504, 15509, 15533, 15545, 15442, 
15463, 15475, 15481, 15496, 15500, 15505, 15516, 15523, 15439, 
15461, 15462, 15474, 15476, 15495, 15543, 15552, 15434, 15444, 
15449, 15450, 15468, 15489, 15499, 15514, 15526, 15541, 15507, 
15547, 15502, 15520, 15432, 15436, 15455, 15500, 15524, 15550, 
15438, 15448, 15478, 15490, 15459, 15486, 15522, 15441, 15540, 
15432, 15498, 15483, 15519, 15473, 15464, 15466, 15456, 15489, 
15485, 15549, 15515, 15508, 15537, 15492, 15453, 15544, 15440, 
15448, 15524, 15527, 15451, 15473, 15501, 15518, 15526, 15528, 
15530, 15531, 15532, 15536, 15435, 15454, 15464, 15477, 15445, 
15465, 15497, 15512, 15548, 15550, 15438, 15453, 15467, 15471, 
15476, 15497, 15501, 15512, 15479, 15486, 15538, 15460, 15466, 
15480, 15483, 15513, 15518, 15521, 15534, 15546, 15454, 15458, 
15469, 15472, 15487, 15506, 15535, 15542, 15436, 15437, 15463, 
15471, 15477, 15491, 15492, 15506, 15544, 15484, 15494, 15503, 
15542, 15494, 15514, 15538, 15530, 15462, 15488, 15451, 15474, 
15529, 15545, 15444, 15446, 15480, 15548, 15547, 15482, 15551
), class = "Date"), wgt = c(1.2, 1.5, 1.6, 1.6, 1.7, 1.8, 2, 
2, 2, 2.1, 2.1, 2.2, 2.3, 2.3, 2.3, 2.3, 2.3, 2.4, 2.4, 2.4, 
2.4, 2.5, 2.5, 2.5, 2.5, 2.5, 2.6, 2.6, 2.6, 2.6, 2.7, 2.7, 2.7, 
2.8, 2.8, 2.8, 2.8, 2.8, 2.8, 2.8, 2.8, 2.8, 2.8, 2.9, 2.9, 2.9, 
2.9, 2.9, 2.9, 2.9, 2.9, 2.9, 2.9, 2.9, 2.9, 3, 3, 3, 3, 3, 3, 
3, 3, 3, 3.1, 3.1, 3.1, 3.1, 3.1, 3.1, 3.1, 3.1, 3.2, 3.2, 3.2, 
3.2, 3.2, 3.2, 3.2, 3.2, 3.2, 3.2, 3.3, 3.3, 3.4, 3.4, 3.5, 3.5, 
3.5, 3.5, 3.5, 3.5, 3.6, 3.6, 3.6, 3.6, 3.7, 3.7, 3.7, 3.8, 3.8, 
3.9, 3.9, 4, 4.1, 4.2, 4.3, 4.3, 1.2, 1.2, 1.3, 1.3, 1.4, 1.5, 
1.5, 1.7, 2, 2.1, 2.2, 2.2, 2.3, 2.3, 2.4, 2.5, 2.5, 2.5, 2.5, 
2.5, 2.5, 2.5, 2.5, 2.5, 2.6, 2.6, 2.6, 2.6, 2.7, 2.7, 2.7, 2.7, 
2.7, 2.7, 2.8, 2.8, 2.8, 2.8, 2.8, 2.8, 2.8, 2.8, 2.9, 2.9, 2.9, 
3, 3, 3, 3, 3, 3, 3, 3, 3, 3.1, 3.1, 3.2, 3.2, 3.2, 3.2, 3.2, 
3.2, 3.3, 3.3, 3.4, 3.4, 3.4, 3.4, 3.4, 3.4, 3.4, 3.5, 3.5, 3.5, 
3.5, 3.6, 3.6, 3.6, 3.7, 3.8, 3.8, 3.9, 3.9, 3.9, 4, 4.2, 4.2, 
4.2, 4.6, 4.8, 5.1, 7), gender = structure(c(1L, 1L, 1L, 1L, 
1L, 1L, 1L, 1L, 1L, 1L, 1L, 1L, 1L, 1L, 1L, 1L, 1L, 1L, 1L, 1L, 
1L, 1L, 1L, 1L, 1L, 1L, 1L, 1L, 1L, 1L, 1L, 1L, 1L, 1L, 1L, 1L, 
1L, 1L, 1L, 1L, 1L, 1L, 1L, 1L, 1L, 1L, 1L, 1L, 1L, 1L, 1L, 1L, 
1L, 1L, 1L, 1L, 1L, 1L, 1L, 1L, 1L, 1L, 1L, 1L, 1L, 1L, 1L, 1L, 
1L, 1L, 1L, 1L, 1L, 1L, 1L, 1L, 1L, 1L, 1L, 1L, 1L, 1L, 1L, 1L, 
1L, 1L, 1L, 1L, 1L, 1L, 1L, 1L, 1L, 1L, 1L, 1L, 1L, 1L, 1L, 1L, 
1L, 1L, 1L, 1L, 1L, 1L, 1L, 1L, 2L, 2L, 2L, 2L, 2L, 2L, 2L, 2L, 
2L, 2L, 2L, 2L, 2L, 2L, 2L, 2L, 2L, 2L, 2L, 2L, 2L, 2L, 2L, 2L, 
2L, 2L, 2L, 2L, 2L, 2L, 2L, 2L, 2L, 2L, 2L, 2L, 2L, 2L, 2L, 2L, 
2L, 2L, 2L, 2L, 2L, 2L, 2L, 2L, 2L, 2L, 2L, 2L, 2L, 2L, 2L, 2L, 
2L, 2L, 2L, 2L, 2L, 2L, 2L, 2L, 2L, 2L, 2L, 2L, 2L, 2L, 2L, 2L, 
2L, 2L, 2L, 2L, 2L, 2L, 2L, 2L, 2L, 2L, 2L, 2L, 2L, 2L, 2L, 2L, 
2L, 2L, 2L, 2L), .Label = c("Female", "Male"), class = "factor"), 
    hgt = c(36.1, 40, 40, 40.5, 43.8, 48, 43, 33, 43, 47.5, 45.3, 
    41, 41, 48, 45, 32, 45.2, 48.6, 37.8, 43.4, 45, 39.7, 47.5, 
    44, 47, 50, 46, 49.8, 48, 45.8, 47, 50, 48, 45, 48, 47, 51, 
    45, 48.5, 50.8, 50, 50, 47.8, 51, 46.5, 49, 48.8, 48.8, 35.7, 
    48.9, 42, 48, 46.8, 48.5, 42, 48, 44.2, 56, 44, 48.5, 53, 
    46, 49.8, 51, 43.2, 57, 40, 52, 50, 51, 43, 50, 44, 42, 44.8, 
    50, 50.5, 50, 50.8, 46, 52.8, 47.8, 45.8, 48, 46, 52, 46, 
    49.2, 52.8, 56, 46.8, 45, 50, 50, 48.9, 47.8, 45, 49, 46.4, 
    50.5, 47, 38.5, 49, 51, 47, 51.2, 53, 52, 38, 38.9, 30, 38, 
    43, 28, 40, 41, 48.6, 35, 46, 40, 42, 43, 44, 43.5, 42.2, 
    43.2, 48.1, 34.5, 49, 35, 47, 47, 46, 48, 48, 50, 44, 48.8, 
    41, 50, 45, 43.1, 47.1, 48.5, 50, 47.2, 50, 41, 43.8, 46.8, 
    50, 48, 42, 47.5, 48, 49, 45, 53, 52, 48, 55, 46.9, 43, 50, 
    53.9, 47, 48.5, 44.8, 49, 47.3, 54, 50, 49, 38.5, 49, 48, 
    47.9, 50, 52, 40, 49, 52.5, 43, 42, 44, 48.1, 53, 46, 48.4, 
    48, 47.4, 49.5, 50.9, 52, 48, 59, 42.1, 50, 54, 49.5),