structure(list(BATCHNO = c(1L, 1L, 1L, 1L, 1L, 1L, 1L, 1L, 1L, 
1L, 1L, 1L, 1L, 1L, 1L, 1L, 1L, 1L, 1L, 1L, 1L, 1L, 2L, 2L, 2L, 
2L, 2L, 2L, 2L, 2L, 2L, 2L, 2L, 2L, 2L, 2L, 2L, 2L, 2L, 2L, 2L, 
2L, 2L, 2L, 2L, 2L, 2L, 2L, 2L, 2L, 2L, 2L, 2L, 2L, 2L, 2L, 2L, 
2L, 2L, 2L, 2L, 2L, 2L, 2L, 2L, 2L, 2L, 2L, 2L, 2L, 2L, 2L, 2L, 
2L, 2L, 2L, 2L, 2L, 2L, 2L, 2L, 2L, 2L, 2L, 2L, 2L, 2L, 2L, 2L, 
2L, 2L, 2L, 2L, 2L, 2L, 2L, 2L, 2L, 2L, 2L, 3L, 3L, 3L, 3L, 3L, 
3L, 3L, 3L, 3L, 3L, 3L, 3L, 3L, 3L, 3L, 3L, 3L, 3L, 3L, 3L, 3L, 
3L, 3L, 3L, 3L, 3L, 3L, 3L, 3L, 3L, 3L, 3L, 3L, 3L, 3L, 3L, 3L, 
3L, 3L, 3L, 3L, 3L, 3L, 3L, 3L, 3L, 3L, 3L, 3L, 3L, 3L, 3L, 3L, 
3L, 3L, 3L, 3L, 3L, 3L, 3L, 3L, 3L, 3L, 3L, 3L, 3L, 3L, 3L, 3L, 
3L, 3L, 3L, 3L, 3L, 3L, 3L, 3L, 3L, 3L, 3L, 3L, 3L, 3L, 3L, 3L, 
3L, 3L, 3L, 3L, 3L, 3L, 3L, 3L, 3L, 3L, 3L, 3L, 3L, 3L, 3L), 
    FORMNO = c(3L, 4L, 9L, 10L, 11L, 12L, 18L, 22L, 28L, 33L, 
    31L, 35L, 40L, 41L, 44L, 45L, 50L, 57L, 67L, 90L, 96L, 100L, 
    103L, 102L, 101L, 99L, 98L, 97L, 95L, 94L, 93L, 92L, 91L, 
    89L, 88L, 87L, 86L, 85L, 84L, 83L, 82L, 81L, 80L, 79L, 78L, 
    77L, 76L, 75L, 74L, 73L, 72L, 71L, 70L, 69L, 68L, 66L, 65L, 
    64L, 63L, 62L, 61L, 60L, 59L, 58L, 56L, 55L, 54L, 53L, 52L, 
    51L, 49L, 48L, 47L, 46L, 43L, 42L, 39L, 38L, 37L, 36L, 34L, 
    32L, 30L, 29L, 27L, 26L, 25L, 24L, 23L, 20L, 19L, 17L, 16L, 
    15L, 13L, 8L, 7L, 5L, 2L, 1L, 104L, 105L, 106L, 107L, 108L, 
    109L, 111L, 112L, 113L, 114L, 116L, 117L, 118L, 119L, 120L, 
    121L, 123L, 124L, 125L, 126L, 127L, 128L, 129L, 130L, 131L, 
    132L, 133L, 134L, 135L, 136L, 137L, 138L, 139L, 140L, 141L, 
    143L, 145L, 146L, 147L, 148L, 149L, 150L, 151L, 152L, 153L, 
    154L, 155L, 156L, 157L, 158L, 159L, 160L, 161L, 162L, 163L, 
    165L, 166L, 167L, 168L, 169L, 170L, 171L, 172L, 173L, 174L, 
    175L, 176L, 177L, 178L, 179L, 180L, 181L, 182L, 183L, 184L, 
    185L, 186L, 187L, 188L, 189L, 190L, 191L, 192L, 193L, 194L, 
    195L, 196L, 197L, 198L, 199L, 200L, 201L, 202L, 203L, 204L, 
    205L, 206L, 207L, 208L, 209L), DOEN = structure(c(1L, 1L, 
    3L, 3L, 3L, 3L, 3L, 3L, 4L, 6L, 5L, 7L, 8L, 8L, 8L, 9L, 10L, 
    12L, 13L, 16L, 16L, 16L, 17L, 17L, 16L, 16L, 16L, 16L, 16L, 
    16L, 16L, 16L, 16L, 16L, 16L, 16L, 16L, 16L, 15L, 15L, 15L, 
    15L, 15L, 15L, 15L, 15L, 15L, 15L, 14L, 14L, 14L, 14L, 14L, 
    14L, 13L, 13L, 13L, 13L, 13L, 13L, 12L, 12L, 12L, 12L, 11L, 
    11L, 11L, 11L, 11L, 11L, 10L, 10L, 9L, 9L, 8L, 8L, 7L, 7L, 
    7L, 7L, 6L, 5L, 4L, 4L, 4L, 4L, 4L, 4L, 4L, 3L, 3L, 3L, 3L, 
    3L, 3L, 3L, 2L, 2L, 1L, 1L, 17L, 17L, 17L, 18L, 18L, 18L, 
    19L, 19L, 19L, 19L, 19L, 19L, 20L, 20L, 20L, 21L, 21L, 22L, 
    22L, 22L, 22L, 22L, 22L, 22L, 22L, 22L, 22L, 23L, 23L, 23L, 
    23L, 23L, 23L, 23L, 32L, 23L, 23L, 24L, 24L, 24L, 24L, 24L, 
    24L, 24L, 24L, 24L, 24L, 24L, 24L, 24L, 24L, 24L, 25L, 25L, 
    25L, 25L, 25L, 25L, 25L, 25L, 25L, 25L, 26L, 26L, 27L, 27L, 
    27L, 27L, 27L, 27L, 27L, 27L, 27L, 27L, 28L, 28L, 29L, 29L, 
    29L, 30L, 30L, 31L, 31L, 31L, 31L, 31L, 31L, 31L, 33L, 33L, 
    33L, 34L, 34L, 34L, 34L, 34L, 34L, 34L, 35L, 35L), .Label = c("2008-10-09", 
    "2008-10-10", "2008-10-13", "2008-10-14", "2008-10-16", "2008-10-17", 
    "2008-10-20", "2008-10-21", "2008-10-22", "2008-10-24", "2008-10-27", 
    "2008-10-28", "2008-10-29", "2008-10-30", "2008-10-31", "2008-11-03", 
    "2008-11-04", "2008-11-05", "2008-11-10", "2008-11-11", "2008-11-12", 
    "2008-11-13", "2008-11-14", "2008-11-17", "2008-11-18", "2008-11-20", 
    "2008-11-21", "2008-11-24", "2008-11-26", "2008-11-27", "2008-11-28", 
    "2008-12-14", "2009-01-09", "2009-01-12", "2009-01-13", "2009-01-14", 
    "2009-01-15", "2009-01-19", "2009-01-20", "2009-01-21", "2009-01-22", 
    "2009-01-23", "2009-01-26", "2009-01-27", "2009-01-28", "2009-01-29", 
    "2009-02-04", "2009-02-05", "2009-02-09", "2009-02-10", "2009-02-11", 
    "2009-02-13", "2009-02-16", "2009-02-17", "2009-02-24", "2009-02-25", 
    "2009-02-26", "2009-02-27", "2009-03-02", "2009-03-03", "2009-03-05", 
    "2009-03-09", "2009-03-10", "2009-03-11", "2009-03-12", "2009-03-13", 
    "2009-03-16", "2009-03-17", "2009-03-19", "2009-03-20", "2009-03-23", 
    "2009-03-24", "2009-03-25", "2009-03-26", "2009-03-27", "2009-03-30", 
    "2009-03-31", "2009-04-01", "2009-04-02", "2009-04-03", "2009-04-06", 
    "2009-04-07", "2009-04-08", "2009-04-09", "2009-04-14", "2009-04-15", 
    "2009-04-20", "2009-04-21", "2009-04-22", "2009-04-23", "2009-04-24", 
    "2009-04-27", "2009-04-28", "2009-04-29", "2009-04-30", "2009-05-04", 
    "2009-05-05", "2009-05-06", "2009-05-07", "2009-05-08", "2009-05-11", 
    "2009-05-12", "2009-05-13", "2009-05-14", "2009-05-15", "2009-05-18", 
    "2009-05-19", "2009-05-20", "2009-05-21", "2009-05-26", "2009-05-27", 
    "2009-05-28", "2009-05-29", "2009-06-01", "2009-06-02", "2009-06-03", 
    "2009-06-04", "2009-06-08", "2009-06-11", "2009-06-12", "2009-06-15", 
    "2009-06-16", "2009-06-17", "2009-06-18", "2009-06-22", "2009-06-23", 
    "2009-06-24", "2009-06-25", "2009-06-26", "2009-06-29", "2009-06-30", 
    "2009-07-02", "2009-07-06", "2009-07-09", "2009-07-14", "2009-07-15", 
    "2009-07-16", "2009-07-17", "2009-07-20", "2009-07-21", "2009-07-22", 
    "2009-07-23", "2009-07-27", "2009-07-28", "2009-07-29", "2009-07-30", 
    "2009-08-03", "2009-08-04", "2009-08-05", "2009-08-06", "2009-08-07", 
    "2009-08-10", "2009-08-11", "2009-08-12", "2009-08-13", "2009-08-14", 
    "2009-08-17", "2009-08-18", "2009-08-24", "2009-08-26", "2009-08-27", 
    "2009-08-28", "2009-08-31", "2009-09-01", "2009-09-02", "2009-09-03", 
    "2009-09-04", "2009-09-07", "2009-09-08", "2009-09-09", "2009-09-10", 
    "2009-09-14", "2009-09-15", "2009-09-16", "2009-09-17", "2009-09-22", 
    "2009-09-23", "2009-09-25", "2009-09-28", "2009-09-29", "2009-09-30", 
    "2009-10-01", "2009-10-02", "2009-10-05", "2009-10-06", "2009-10-07", 
    "2009-10-08", "2009-10-09", "2009-10-12", "2009-10-13", "2009-10-14", 
    "2009-10-15", "2009-10-16", "2009-10-19", "2009-10-20", "2009-10-21", 
    "2009-10-23", "2009-10-26", "2009-10-27", "2009-10-28", "2009-10-29", 
    "2009-10-30", "2009-11-02", "2009-11-03", "2009-11-09", "2009-11-10", 
    "2009-11-11", "2009-11-12", "2009-11-13", "2009-11-16", "2009-11-17", 
    "2009-11-18", "2009-11-20", "2009-11-23", "2009-11-24", "2009-11-25", 
    "2009-11-26", "2009-11-27", "2009-11-30", "2009-12-01", "2009-12-02", 
    "2009-12-07", "2009-12-08", "2009-12-14", "2009-12-15", "2009-12-16"
    ), class = "factor"), STDNO = structure(c(3L, 4L, 8L, 9L, 
    10L, 11L, 16L, 19L, 25L, 30L, 28L, 32L, 37L, 38L, 41L, 42L, 
    47L, 54L, 64L, 87L, 93L, 97L, 100L, 99L, 98L, 96L, 95L, 94L, 
    92L, 91L, 90L, 89L, 88L, 86L, 85L, 84L, 83L, 82L, 81L, 80L, 
    79L, 78L, 77L, 76L, 75L, 74L, 73L, 72L, 71L, 70L, 69L, 68L, 
    67L, 66L, 65L, 63L, 62L, 61L, 60L, 59L, 58L, 57L, 56L, 55L, 
    53L, 52L, 51L, 50L, 49L, 48L, 46L, 45L, 44L, 43L, 40L, 39L, 
    36L, 35L, 34L, 33L, 31L, 29L, 27L, 26L, 24L, 23L, 22L, 21L, 
    20L, 18L, 17L, 15L, 14L, 13L, 12L, 7L, 6L, 5L, 2L, 1L, 101L, 
    102L, 103L, 104L, 105L, 106L, 108L, 109L, 110L, 111L, 113L, 
    114L, 115L, 116L, 117L, 118L, 120L, 121L, 122L, 123L, 124L, 
    125L, 126L, 127L, 128L, 129L, 130L, 131L, 132L, 133L, 134L, 
    135L, 136L, 137L, 138L, 139L, 141L, 142L, 143L, 144L, 145L, 
    146L, 147L, 148L, 149L, 150L, 151L, 152L, 153L, 154L, 155L, 
    156L, 157L, 158L, 159L, 160L, 161L, 162L, 163L, 164L, 165L, 
    166L, 167L, 168L, 169L, 170L, 171L, 172L, 173L, 174L, 175L, 
    176L, 177L, 178L, 179L, 180L, 181L, 182L, 183L, 184L, 185L, 
    186L, 187L, 188L, 189L, 190L, 191L, 192L, 193L, 194L, 195L, 
    196L, 197L, 198L, 199L, 200L, 201L, 202L, 203L, 204L),